3,2
3,1
3,3
10,184
10,18
10,4
10,276
10,144
10,230
10,122
10,2
9,7
9,6
9,4
8,10
8,9
8,14
8,2
8,3
65,3
65,2
65,1
65,0
39,3
39,2
39,1
39,0
26,3
26,2
26,1
20,3
20,2
20,1
19,3
19,2
19,1
12,3
12,2
12,1
11,29
11,28
11,27
11,26
11,25
11,24
11,23
11,22
11,21
11,20
11,19
11,18
11,17
11,16
11,15
11,14
11,13
11,12
18,1
11,11
18,3
11,10
11,9
11,8
11,7
11,6
11,5
11,4
11,3
11,2
11,1
10,304
10,298
10,295
10,294
10,287
10,281
10,280
10,277
10,275
10,271
10,267
10,266
10,263
10,262
10,261
10,256
10,255
10,253
10,250
10,249
10,246
10,233
10,232
10,229
10,223
10,212
10,209
10,208
10,202
10,199
10,195
10,191
10,189
10,186
10,178
10,172
10,153
10,125
10,112
10,109
10,86
10,82
10,16
10,3
10,1
9,1
2,2
9,5
